(a)

3
4
50
20
30
30 30 20 20
3 7 6 4 
2 4 3 2 
4 3 8 5 
________________________________________________________________________________________________________________________________________________________________________________________________________________
(b)

4 4
10
20
20
10
20 10 10 20
5 6 4 2 
2 10 1 3
3 4 2 1 
2 1 3 2 
________________________________________________________________________________________________________________________________________________________________________________________________________________
(c)